NA	Step NA->	0	0
Time(s):	Sweep V(V):	Ch1 I(A):	Ch1 I(A):
1.200000E-2	-5.000000E-3	-8.580549E-4	-8.591777E-4
2.470000E-1	-4.900000E-3	-8.430207E-4	-8.440994E-4
3.460000E-1	-4.800000E-3	-8.250940E-4	-8.268300E-4
4.450000E-1	-4.700000E-3	-8.103317E-4	-8.117201E-4
5.450000E-1	-4.600000E-3	-7.929695E-4	-7.944295E-4
6.440000E-1	-4.500000E-3	-7.779101E-4	-7.791847E-4
7.440000E-1	-4.400000E-3	-7.631625E-4	-7.643296E-4
8.440000E-1	-4.300000E-3	-7.456297E-4	-7.463460E-4
9.440000E-1	-4.200000E-3	-7.306925E-4	-7.317206E-4
1.044000E+0	-4.100000E-3	-7.125466E-4	-7.136906E-4
1.144000E+0	-4.000000E-3	-6.982055E-4	-6.991305E-4
1.243000E+0	-3.900000E-3	-6.803968E-4	-6.809930E-4
1.342000E+0	-3.800000E-3	-6.657209E-4	-6.663023E-4
1.442000E+0	-3.700000E-3	-6.480890E-4	-6.485399E-4
1.542000E+0	-3.600000E-3	-6.332803E-4	-6.336742E-4
1.644000E+0	-3.500000E-3	-6.153114E-4	-6.159181E-4
1.741000E+0	-3.400000E-3	-6.006333E-4	-6.012295E-4
1.839000E+0	-3.300000E-3	-5.828076E-4	-5.833807E-4
1.939000E+0	-3.200000E-3	-5.678999E-4	-5.685108E-4
2.037000E+0	-3.100000E-3	-5.503144E-4	-5.508221E-4
2.136000E+0	-3.000000E-3	-5.355373E-4	-5.359945E-4
2.235000E+0	-2.900000E-3	-5.175705E-4	-5.181857E-4
2.337000E+0	-2.800000E-3	-5.029998E-4	-5.033517E-4
2.437000E+0	-2.700000E-3	-4.851552E-4	-4.857620E-4
2.535000E+0	-2.600000E-3	-4.704413E-4	-4.708669E-4
2.637000E+0	-2.500000E-3	-4.526346E-4	-4.531592E-4
2.738000E+0	-2.400000E-3	-4.377774E-4	-4.380471E-4
2.837000E+0	-2.300000E-3	-4.197748E-4	-4.202846E-4
2.936000E+0	-2.200000E-3	-4.053474E-4	-4.057624E-4
3.037000E+0	-2.100000E-3	-3.871657E-4	-3.878335E-4
3.137000E+0	-2.000000E-3	-3.727214E-4	-3.728120E-4
3.237000E+0	-1.900000E-3	-3.545797E-4	-3.552728E-4
3.337000E+0	-1.800000E-3	-3.398805E-4	-3.402471E-4
3.438000E+0	-1.700000E-3	-3.219327E-4	-3.226511E-4
3.538000E+0	-1.600000E-3	-3.074041E-4	-3.079266E-4
3.638000E+0	-1.500000E-3	-2.897217E-4	-2.900293E-4
3.738000E+0	-1.400000E-3	-2.748982E-4	-2.756630E-4
3.837000E+0	-1.300000E-3	-2.571505E-4	-2.574560E-4
3.936000E+0	-1.200000E-3	-2.420910E-4	-2.427273E-4
4.036000E+0	-1.100000E-3	-2.271791E-4	-2.279649E-4
4.135000E+0	-9.999999E-4	-2.095262E-4	-2.102467E-4
4.236000E+0	-9.000000E-4	-1.948544E-4	-1.954780E-4
4.334000E+0	-8.000000E-4	-1.774100E-4	-1.776755E-4
4.430000E+0	-7.000000E-4	-1.625001E-4	-1.627740E-4
4.529000E+0	-6.000000E-4	-1.445523E-4	-1.448535E-4
4.628000E+0	-5.000000E-4	-1.299247E-4	-1.301312E-4
4.726000E+0	-4.000000E-4	-1.120337E-4	-1.124003E-4
4.825000E+0	-3.000000E-4	-9.723337E-5	-9.784014E-5
4.925000E+0	-2.000000E-4	-7.967104E-5	-7.961836E-5
5.026000E+0	-1.000000E-4	-6.502030E-5	-6.530052E-5
5.127000E+0	-1.455192E-11	-4.681750E-5	-4.692074E-5
5.227000E+0	9.999998E-5	-3.223416E-5	-3.240060E-5
5.326000E+0	2.000000E-4	-1.442318E-5	-1.464862E-5
5.426000E+0	3.000000E-4	2.696800E-7	1.285200E-7
5.526000E+0	4.000000E-4	1.811432E-5	1.825546E-5
5.626000E+0	5.000000E-4	3.268498E-5	3.295676E-5
5.726000E+0	6.000000E-4	5.083936E-5	5.051912E-5
5.825000E+0	7.000000E-4	6.535314E-5	6.555750E-5
5.925000E+0	8.000000E-4	8.334526E-5	8.340426E-5
6.026000E+0	9.000000E-4	9.828046E-5	9.844480E-5
6.125000E+0	9.999999E-4	1.159292E-4	1.157353E-4
6.226000E+0	1.100000E-3	1.308033E-4	1.306642E-4
6.325000E+0	1.200000E-3	1.484457E-4	1.482940E-4
6.425000E+0	1.300000E-3	1.632354E-4	1.629910E-4
6.525000E+0	1.400000E-3	1.811813E-4	1.810317E-4
6.626000E+0	1.500000E-3	1.955054E-4	1.958362E-4
6.726000E+0	1.600000E-3	2.133881E-4	2.135335E-4
6.825000E+0	1.700000E-3	2.282368E-4	2.285718E-4
6.925000E+0	1.800000E-3	2.460330E-4	2.463153E-4
7.025000E+0	1.900000E-3	2.612063E-4	2.608439E-4
7.124000E+0	2.000000E-3	2.785980E-4	2.785201E-4
7.224000E+0	2.100000E-3	2.931076E-4	2.934932E-4
7.324000E+0	2.200000E-3	3.110007E-4	3.110955E-4
7.423000E+0	2.300000E-3	3.259296E-4	3.262435E-4
7.523000E+0	2.400000E-3	3.406520E-4	3.407110E-4
7.621000E+0	2.500000E-3	3.583703E-4	3.586779E-4
7.721000E+0	2.600000E-3	3.731200E-4	3.735351E-4
7.820000E+0	2.700000E-3	3.909773E-4	3.910532E-4
7.920000E+0	2.800000E-3	4.056808E-4	4.059273E-4
8.020000E+0	2.900000E-3	4.233190E-4	4.235824E-4
8.120000E+0	3.000000E-3	4.384079E-4	4.383785E-4
8.219000E+0	3.100000E-3	4.562190E-4	4.564297E-4
8.319000E+0	3.200000E-3	4.707686E-4	4.708719E-4
8.418000E+0	3.300000E-3	4.884342E-4	4.886701E-4
8.519000E+0	3.400000E-3	5.036433E-4	5.035211E-4
8.618000E+0	3.500000E-3	5.210266E-4	5.213342E-4
8.719000E+0	3.600000E-3	5.356204E-4	5.359049E-4
8.819000E+0	3.700000E-3	5.536863E-4	5.536695E-4
8.919000E+0	3.800000E-3	5.684847E-4	5.689145E-4
9.020000E+0	3.900000E-3	5.861986E-4	5.863398E-4
9.120000E+0	4.000000E-3	6.011191E-4	6.011507E-4
9.219000E+0	4.100000E-3	6.186878E-4	6.188353E-4
9.317000E+0	4.200000E-3	6.336904E-4	6.335682E-4
9.419000E+0	4.300000E-3	6.513750E-4	6.514825E-4
9.519000E+0	4.400000E-3	6.659562E-4	6.660131E-4
9.619000E+0	4.500000E-3	6.836914E-4	6.834596E-4
9.720000E+0	4.600000E-3	6.986792E-4	6.984032E-4
9.820000E+0	4.700000E-3	7.164144E-4	7.162817E-4
9.920000E+0	4.800000E-3	7.310799E-4	7.310736E-4
1.002000E+1	4.900000E-3	7.487455E-4	7.490152E-4
1.012100E+1	5.000000E-3	7.636597E-4	7.636407E-4
