NA	Step NA->	0	0
Time(s):	Sweep V(V):	Ch1 I(A):	Ch1 I(A):
1.200000E-2	-1.000000E+0	-5.275688E-3	-5.325619E-3
2.270000E-1	-9.900000E-1	-5.218425E-3	-5.263120E-3
3.270000E-1	-9.800000E-1	-5.159687E-3	-5.200191E-3
4.270000E-1	-9.700000E-1	-5.102161E-3	-5.136133E-3
5.260000E-1	-9.600000E-1	-5.019607E-3	-5.070654E-3
6.270000E-1	-9.500000E-1	-5.016488E-3	-5.011453E-3
7.270000E-1	-9.400000E-1	-4.952990E-3	-4.950672E-3
8.270000E-1	-9.300000E-1	-4.881485E-3	-4.888416E-3
9.270000E-1	-9.200000E-1	-4.800542E-3	-4.829510E-3
1.027000E+0	-9.100000E-1	-4.742173E-3	-4.773100E-3
1.126000E+0	-9.000000E-1	-4.674112E-3	-4.713846E-3
1.227000E+0	-8.900000E-1	-4.603767E-3	-4.657037E-3
1.329000E+0	-8.800000E-1	-4.535506E-3	-4.597088E-3
1.429000E+0	-8.700000E-1	-4.499986E-3	-4.536570E-3
1.529000E+0	-8.600000E-1	-4.451477E-3	-4.482309E-3
1.629000E+0	-8.500000E-1	-4.418937E-3	-4.423551E-3
1.728000E+0	-8.400000E-1	-4.378834E-3	-4.367552E-3
1.827000E+0	-8.300000E-1	-4.330251E-3	-4.312175E-3
1.927000E+0	-8.200000E-1	-4.281426E-3	-4.256629E-3
2.029000E+0	-8.100000E-1	-4.235909E-3	-4.198039E-3
2.131000E+0	-8.000000E-1	-4.186178E-3	-4.139586E-3
2.231000E+0	-7.900000E-1	-4.128810E-3	-4.082270E-3
2.330000E+0	-7.800000E-1	-4.078836E-3	-4.024860E-3
2.434000E+0	-7.700000E-1	-4.025682E-3	-3.969356E-3
2.534000E+0	-7.600000E-1	-3.968535E-3	-3.912441E-3
2.633000E+0	-7.500000E-1	-3.911693E-3	-3.856284E-3
2.733000E+0	-7.400000E-1	-3.854599E-3	-3.800349E-3
2.834000E+0	-7.300000E-1	-3.800454E-3	-3.744371E-3
2.933000E+0	-7.200000E-1	-3.740547E-3	-3.688046E-3
3.032000E+0	-7.100000E-1	-3.679724E-3	-3.629361E-3
3.131000E+0	-7.000000E-1	-3.625695E-3	-3.572709E-3
3.230000E+0	-6.900000E-1	-3.570887E-3	-3.516299E-3
3.329000E+0	-6.800000E-1	-3.512402E-3	-3.459721E-3
3.428000E+0	-6.700000E-1	-3.450820E-3	-3.403238E-3
3.532000E+0	-6.600000E-1	-3.397591E-3	-3.346649E-3
3.631000E+0	-6.500000E-1	-3.341172E-3	-3.295759E-3
3.732000E+0	-6.400000E-1	-3.282771E-3	-3.242289E-3
3.833000E+0	-6.300000E-1	-3.225856E-3	-3.186269E-3
3.932000E+0	-6.200000E-1	-3.171195E-3	-3.132367E-3
4.031000E+0	-6.100000E-1	-3.118240E-3	-3.077442E-3
4.131000E+0	-6.000000E-1	-3.066150E-3	-3.020759E-3
4.232000E+0	-5.900000E-1	-3.014575E-3	-2.962548E-3
4.332000E+0	-5.800000E-1	-2.960799E-3	-2.906991E-3
4.433000E+0	-5.700000E-1	-2.906096E-3	-2.850908E-3
4.532000E+0	-5.600000E-1	-2.851572E-3	-2.795446E-3
4.635000E+0	-5.500000E-1	-2.794572E-3	-2.740406E-3
4.735000E+0	-5.400000E-1	-2.740427E-3	-2.685482E-3
4.835000E+0	-5.300000E-1	-2.685671E-3	-2.632085E-3
4.935000E+0	-5.200000E-1	-2.625132E-3	-2.578993E-3
5.035000E+0	-5.100000E-1	-2.566784E-3	-2.524269E-3
5.135000E+0	-5.000000E-1	-2.508595E-3	-2.467291E-3
5.233000E+0	-4.900000E-1	-2.450299E-3	-2.411113E-3
5.332000E+0	-4.800000E-1	-2.395944E-3	-2.358790E-3
5.431000E+0	-4.700000E-1	-2.341293E-3	-2.304656E-3
5.532000E+0	-4.600000E-1	-2.287612E-3	-2.251839E-3
5.632000E+0	-4.500000E-1	-2.234700E-3	-2.198484E-3
5.734000E+0	-4.400000E-1	-2.180945E-3	-2.144981E-3
5.834000E+0	-4.300000E-1	-2.128159E-3	-2.091553E-3
5.933000E+0	-4.200000E-1	-2.073940E-3	-2.036491E-3
6.033000E+0	-4.100000E-1	-2.019869E-3	-1.979050E-3
6.133000E+0	-4.000000E-1	-1.965555E-3	-1.924241E-3
6.232000E+0	-3.900000E-1	-1.912696E-3	-1.870918E-3
6.331000E+0	-3.800000E-1	-1.860605E-3	-1.822893E-3
6.431000E+0	-3.700000E-1	-1.810642E-3	-1.771803E-3
6.531000E+0	-3.600000E-1	-1.759689E-3	-1.719123E-3
6.630000E+0	-3.500000E-1	-1.707904E-3	-1.664093E-3
6.730000E+0	-3.400000E-1	-1.657962E-3	-1.616806E-3
6.832000E+0	-3.300000E-1	-1.608410E-3	-1.566063E-3
6.932000E+0	-3.200000E-1	-1.557941E-3	-1.514836E-3
7.031000E+0	-3.100000E-1	-1.508358E-3	-1.463778E-3
7.131000E+0	-3.000000E-1	-1.457963E-3	-1.412730E-3
7.232000E+0	-2.900000E-1	-1.408169E-3	-1.364421E-3
7.333000E+0	-2.800000E-1	-1.357437E-3	-1.313478E-3
7.432000E+0	-2.700000E-1	-1.307379E-3	-1.264769E-3
7.531000E+0	-2.600000E-1	-1.257353E-3	-1.216186E-3
7.632000E+0	-2.500000E-1	-1.206832E-3	-1.169067E-3
7.732000E+0	-2.400000E-1	-1.156289E-3	-1.121158E-3
7.831000E+0	-2.300000E-1	-1.106685E-3	-1.073229E-3
7.933000E+0	-2.200000E-1	-1.058618E-3	-1.025467E-3
8.032000E+0	-2.100000E-1	-1.009592E-3	-9.777375E-4
8.132000E+0	-2.000000E-1	-9.606935E-4	-9.307030E-4
8.231000E+0	-1.900000E-1	-9.127741E-4	-8.833737E-4
8.330000E+0	-1.800000E-1	-8.645072E-4	-8.363603E-4
8.430000E+0	-1.700000E-1	-8.165457E-4	-7.893153E-4
8.530000E+0	-1.600000E-1	-7.692163E-4	-7.435133E-4
8.629000E+0	-1.500000E-1	-7.218976E-4	-6.971531E-4
8.729000E+0	-1.400000E-1	-6.741047E-4	-6.517200E-4
8.830000E+0	-1.300000E-1	-6.265647E-4	-6.058441E-4
8.931000E+0	-1.200000E-1	-5.798039E-4	-5.604951E-4
9.036000E+0	-1.100000E-1	-5.318531E-4	-5.152935E-4
9.135000E+0	-1.000000E-1	-4.843656E-4	-4.702816E-4
9.235000E+0	-9.000002E-2	-4.367939E-4	-4.253434E-4
9.335000E+0	-8.000002E-2	-3.894539E-4	-3.798153E-4
9.434000E+0	-7.000002E-2	-3.418717E-4	-3.337078E-4
9.534000E+0	-6.000002E-2	-2.944370E-4	-2.873160E-4
9.633000E+0	-5.000002E-2	-2.464018E-4	-2.404290E-4
9.734000E+0	-4.000002E-2	-1.978714E-4	-1.931732E-4
9.834000E+0	-3.000002E-2	-1.491620E-4	-1.455172E-4
9.935000E+0	-2.000002E-2	-9.985220E-5	-9.749240E-5
1.003500E+1	-1.000002E-2	-5.003660E-5	-4.888840E-5
1.013900E+1	-2.235174E-8	3.687000E-7	4.214000E-7
1.023700E+1	9.999977E-3	5.083720E-5	5.000500E-5
1.033600E+1	1.999998E-2	1.032124E-4	1.015270E-4
1.043700E+1	2.999998E-2	1.557667E-4	1.534386E-4
1.053600E+1	3.999998E-2	2.093216E-4	2.063511E-4
1.063700E+1	4.999997E-2	2.635194E-4	2.607384E-4
1.073700E+1	5.999998E-2	3.186650E-4	3.157893E-4
1.083600E+1	6.999998E-2	3.747798E-4	3.723043E-4
1.093400E+1	7.999998E-2	4.310950E-4	4.301469E-4
1.103300E+1	8.999997E-2	4.886845E-4	4.890006E-4
1.113400E+1	9.999998E-2	5.474117E-4	5.492763E-4
1.123600E+1	1.100000E-1	6.082247E-4	6.111215E-4
1.133700E+1	1.200000E-1	6.713553E-4	6.737571E-4
1.143600E+1	1.300000E-1	7.355603E-4	7.382149E-4
1.153700E+1	1.400000E-1	8.023566E-4	8.039261E-4
1.163700E+1	1.500000E-1	8.703751E-4	8.719868E-4
1.173600E+1	1.600000E-1	9.409742E-4	9.409846E-4
1.183600E+1	1.700000E-1	1.014428E-3	1.010910E-3
1.193400E+1	1.800000E-1	1.093823E-3	1.080645E-3
1.203300E+1	1.900000E-1	1.174788E-3	1.153298E-3
1.213000E+1	2.000000E-1	1.257490E-3	1.227468E-3
1.223000E+1	2.100000E-1	1.338877E-3	1.306369E-3
1.233100E+1	2.200000E-1	1.421506E-3	1.385501E-3
1.243100E+1	2.300000E-1	1.506284E-3	1.467192E-3
1.253300E+1	2.400000E-1	1.595402E-3	1.549537E-3
1.263300E+1	2.500000E-1	1.683646E-3	1.637738E-3
1.273300E+1	2.600000E-1	1.772943E-3	1.721357E-3
1.283300E+1	2.700000E-1	1.868971E-3	1.803702E-3
1.293200E+1	2.800000E-1	2.013920E-3	1.891209E-3
1.303100E+1	2.900000E-1	2.113351E-3	1.979336E-3
1.313100E+1	3.000000E-1	2.200467E-3	2.067380E-3
1.323000E+1	3.100000E-1	2.288627E-3	2.158384E-3
1.333100E+1	3.200000E-1	2.373711E-3	2.253464E-3
1.343100E+1	3.300000E-1	2.476744E-3	2.347818E-3
1.353100E+1	3.400000E-1	2.574500E-3	2.443435E-3
1.363400E+1	3.500000E-1	2.674984E-3	2.538284E-3
1.373300E+1	3.600000E-1	2.772856E-3	2.629899E-3
1.383300E+1	3.700000E-1	2.874447E-3	2.720955E-3
1.393300E+1	3.800000E-1	2.976311E-3	2.815014E-3
1.403300E+1	3.900000E-1	3.083484E-3	2.913528E-3
1.413300E+1	4.000000E-1	3.191427E-3	3.009778E-3
1.423300E+1	4.100000E-1	3.302698E-3	3.107597E-3
1.433300E+1	4.200000E-1	3.409840E-3	3.209862E-3
1.443200E+1	4.300000E-1	3.511547E-3	3.310588E-3
1.453200E+1	4.400000E-1	3.615665E-3	3.410378E-3
1.463100E+1	4.500000E-1	3.722101E-3	3.513338E-3
1.473300E+1	4.600000E-1	3.826821E-3	3.615739E-3
1.483300E+1	4.700000E-1	3.933278E-3	3.711725E-3
1.493300E+1	4.800000E-1	4.046403E-3	3.808829E-3
1.503400E+1	4.900000E-1	4.166028E-3	3.916940E-3
1.513400E+1	5.000000E-1	4.291057E-3	4.025872E-3
1.523300E+1	5.100000E-1	4.417687E-3	4.140472E-3
1.533300E+1	5.200000E-1	4.529622E-3	4.254535E-3
1.543100E+1	5.300000E-1	4.642379E-3	4.357116E-3
1.553000E+1	5.400000E-1	4.478668E-3	4.460392E-3
1.563000E+1	5.500000E-1	4.545033E-3	4.579638E-3
1.573000E+1	5.599999E-1	4.606783E-3	4.689950E-3
1.583300E+1	5.700000E-1	4.723902E-3	4.810544E-3
1.593300E+1	5.800000E-1	4.827378E-3	4.930802E-3
1.603300E+1	5.900000E-1	4.956726E-3	5.050911E-3
1.613400E+1	6.000000E-1	5.080164E-3	5.172705E-3
1.623400E+1	6.100000E-1	5.209354E-3	5.295343E-3
1.633300E+1	6.199999E-1	5.366385E-3	5.416022E-3
1.643400E+1	6.299999E-1	5.511218E-3	5.535594E-3
1.653300E+1	6.400000E-1	5.647592E-3	5.649867E-3
1.663300E+1	6.500000E-1	5.799283E-3	5.760538E-3
1.673300E+1	6.600000E-1	5.927177E-3	5.877551E-3
1.683300E+1	6.700000E-1	6.049973E-3	5.991362E-3
1.693500E+1	6.799999E-1	6.194247E-3	6.114905E-3
1.703600E+1	6.899999E-1	6.336257E-3	6.244042E-3
1.713400E+1	7.000000E-1	6.457905E-3	6.393942E-3
1.723300E+1	7.100000E-1	6.555282E-3	6.247834E-3
1.733300E+1	7.200000E-1	6.620941E-3	6.299272E-3
1.743300E+1	7.300000E-1	6.373369E-3	6.372462E-3
1.753400E+1	7.399999E-1	6.412166E-3	6.409785E-3
1.763300E+1	7.499999E-1	6.454797E-3	6.464952E-3
1.773200E+1	7.600000E-1	6.488243E-3	6.500346E-3
1.783100E+1	7.700000E-1	6.498029E-3	6.516811E-3
1.793100E+1	7.800000E-1	6.500219E-3	6.519171E-3
1.803400E+1	7.900000E-1	6.501548E-3	6.519845E-3
1.813300E+1	8.000000E-1	6.502622E-3	6.520172E-3
1.823300E+1	8.099999E-1	6.503981E-3	6.520361E-3
1.833300E+1	8.199999E-1	6.507289E-3	6.520382E-3
1.843300E+1	8.300000E-1	6.508521E-3	6.520288E-3
1.853300E+1	8.400000E-1	6.509680E-3	6.520087E-3
1.863200E+1	8.500000E-1	6.510186E-3	6.519761E-3
1.873300E+1	8.600000E-1	6.510502E-3	6.519371E-3
1.883400E+1	8.699999E-1	6.510817E-3	6.519097E-3
1.893400E+1	8.799999E-1	6.511092E-3	6.518813E-3
1.903300E+1	8.900000E-1	6.511365E-3	6.518296E-3
1.913600E+1	9.000000E-1	6.511639E-3	6.517254E-3
1.923600E+1	9.100000E-1	6.511871E-3	6.516032E-3
1.933400E+1	9.200000E-1	6.512092E-3	6.515442E-3
1.943300E+1	9.299999E-1	6.512324E-3	6.515210E-3
1.953100E+1	9.399999E-1	6.512545E-3	6.515041E-3
1.963000E+1	9.499999E-1	6.512766E-3	6.514873E-3
1.972700E+1	9.600000E-1	6.512925E-3	6.514726E-3
1.982700E+1	9.700000E-1	6.513135E-3	6.514557E-3
1.992700E+1	9.800000E-1	6.513314E-3	6.514399E-3
2.002700E+1	9.899999E-1	6.513482E-3	6.514241E-3
2.012800E+1	9.999999E-1	6.513693E-3	6.513999E-3
