NA	Step NA->	0	0
Time(s):	Sweep V(V):	Ch1 V(V):	Ch1 V(V):
1.200000E-2	-5.000000E-1	-2.013478E-8	-1.939104E-8
1.880000E-1	-4.900000E-1	-1.920986E-8	-1.835028E-8
2.880000E-1	-4.800000E-1	-1.870632E-8	-1.765714E-8
3.860000E-1	-4.700000E-1	-1.798790E-8	-1.699982E-8
4.840000E-1	-4.600000E-1	-1.707566E-8	-1.650260E-8
5.850000E-1	-4.500000E-1	-1.627718E-8	-1.600540E-8
6.860000E-1	-4.400000E-1	-1.571044E-8	-1.520060E-8
7.840000E-1	-4.300000E-1	-1.496254E-8	-1.447796E-8
8.830000E-1	-4.200000E-1	-1.435366E-8	-1.407346E-8
9.840000E-1	-4.100000E-1	-1.372584E-8	-1.383118E-8
1.084000E+0	-4.000000E-1	-1.315278E-8	-1.355730E-8
1.183000E+0	-3.900000E-1	-1.257974E-8	-1.295054E-8
1.281000E+0	-3.800000E-1	-1.196034E-8	-1.206778E-8
1.379000E+0	-3.700000E-1	-1.158110E-8	-1.162324E-8
1.477000E+0	-3.600000E-1	-1.118292E-8	-1.099752E-8
1.577000E+0	-3.500000E-1	-1.075946E-8	-1.050242E-8
1.674000E+0	-3.400000E-1	-1.015270E-8	-9.925160E-9
1.776000E+0	-3.300000E-1	-9.642840E-9	-9.417420E-9
1.875000E+0	-3.200000E-1	-9.345780E-9	-8.962340E-9
1.977000E+0	-3.100000E-1	-8.787480E-9	-8.570480E-9
2.078000E+0	-3.000000E-1	-8.330300E-9	-8.109100E-9
2.178000E+0	-2.900000E-1	-8.010080E-9	-7.790961E-9
2.277000E+0	-2.800000E-1	-7.647700E-9	-7.576079E-9
2.376000E+0	-2.700000E-1	-7.418060E-9	-6.939820E-9
2.476000E+0	-2.600000E-1	-6.944040E-9	-6.653300E-9
2.576000E+0	-2.500000E-1	-6.415220E-9	-6.261420E-9
2.678000E+0	-2.400000E-1	-6.080240E-9	-5.886420E-9
2.778000E+0	-2.300000E-1	-5.850600E-9	-5.456620E-9
2.877000E+0	-2.200000E-1	-5.526160E-9	-5.288080E-9
2.978000E+0	-2.100000E-1	-5.119540E-9	-4.959420E-9
3.078000E+0	-2.000000E-1	-4.729780E-9	-4.927820E-9
3.179000E+0	-1.900000E-1	-4.394800E-9	-4.620220E-9
3.279000E+0	-1.800000E-1	-4.087200E-9	-4.238900E-9
3.379000E+0	-1.700000E-1	-3.853340E-9	-3.872300E-9
3.480000E+0	-1.600000E-1	-3.531000E-9	-3.613180E-9
3.580000E+0	-1.500000E-1	-3.305580E-9	-3.221300E-9
3.680000E+0	-1.400000E-1	-3.059080E-9	-2.913720E-9
3.780000E+0	-1.300000E-1	-2.774660E-9	-2.738840E-9
3.880000E+0	-1.200000E-1	-2.526060E-9	-2.490240E-9
3.980000E+0	-1.100000E-1	-2.340660E-9	-2.288000E-9
4.079000E+0	-1.000000E-1	-2.087840E-9	-2.052020E-9
4.178000E+0	-9.000001E-2	-1.862420E-9	-1.805540E-9
4.278000E+0	-8.000001E-2	-1.685440E-9	-1.582220E-9
4.377000E+0	-7.000001E-2	-1.455800E-9	-1.369420E-9
4.478000E+0	-6.000001E-2	-1.230380E-9	-1.207200E-9
4.578000E+0	-5.000001E-2	-9.923000E-10	-9.986201E-10
4.678000E+0	-4.000001E-2	-7.921600E-10	-7.963800E-10
4.779000E+0	-3.000001E-2	-5.962200E-10	-5.962200E-10
4.878000E+0	-2.000001E-2	-4.066200E-10	-4.066200E-10
4.979000E+0	-1.000001E-2	-2.170000E-10	-2.170000E-10
5.079000E+0	-1.117587E-8	-3.370000E-11	-3.370000E-11
5.179000E+0	9.999989E-3	1.495800E-10	1.516800E-10
5.279000E+0	1.999999E-2	3.413000E-10	3.392000E-10
5.378000E+0	2.999999E-2	5.224800E-10	5.161600E-10
5.477000E+0	3.999999E-2	7.331600E-10	7.057800E-10
5.577000E+0	4.999999E-2	9.101400E-10	8.954000E-10
5.676000E+0	5.999999E-2	1.095540E-9	1.091320E-9
5.776000E+0	6.999999E-2	1.314640E-9	1.274620E-9
5.877000E+0	7.999998E-2	1.519000E-9	1.466340E-9
5.975000E+0	8.999999E-2	1.748640E-9	1.685440E-9
6.076000E+0	9.999999E-2	1.921400E-9	1.902440E-9
6.176000E+0	1.100000E-1	2.161580E-9	2.132080E-9
6.275000E+0	1.200000E-1	2.349080E-9	2.346980E-9
6.375000E+0	1.300000E-1	2.599800E-9	2.631400E-9
6.475000E+0	1.400000E-1	2.867360E-9	2.846300E-9
6.574000E+0	1.500000E-1	3.137040E-9	3.016940E-9
6.674000E+0	1.600000E-1	3.339280E-9	3.231840E-9
6.774000E+0	1.700000E-1	3.701660E-9	3.486760E-9
6.872000E+0	1.800000E-1	3.954480E-9	3.741680E-9
6.972000E+0	1.900000E-1	4.179900E-9	4.061920E-9
7.072000E+0	2.000000E-1	4.544380E-9	4.281020E-9
7.174000E+0	2.100000E-1	4.826700E-9	4.639180E-9
7.274000E+0	2.200000E-1	5.151140E-9	5.001560E-9
7.374000E+0	2.300000E-1	5.399740E-9	5.195380E-9
7.474000E+0	2.400000E-1	5.688380E-9	5.623060E-9
7.574000E+0	2.500000E-1	6.038100E-9	5.875880E-9
7.675000E+0	2.600000E-1	6.495280E-9	6.103420E-9
7.775000E+0	2.700000E-1	6.855540E-9	6.547960E-9
7.875000E+0	2.800000E-1	7.228440E-9	7.028301E-9
7.975000E+0	2.900000E-1	7.664560E-9	7.367500E-9
8.077000E+0	3.000000E-1	8.001639E-9	7.795180E-9
8.177000E+0	3.100000E-1	8.448279E-9	8.142800E-9
8.277000E+0	3.200000E-1	8.916000E-9	8.730600E-9
8.376000E+0	3.300000E-1	9.335261E-9	9.040300E-9
8.474000E+0	3.400000E-1	9.946221E-9	9.560679E-9
8.574000E+0	3.500000E-1	1.046240E-8	9.847200E-9
8.674000E+0	3.600000E-1	1.102912E-8	1.031282E-8
8.774000E+0	3.700000E-1	1.165064E-8	1.065412E-8
8.874000E+0	3.800000E-1	1.226160E-8	1.131354E-8
8.974000E+0	3.900000E-1	1.253338E-8	1.192662E-8
9.073000E+0	4.000000E-1	1.295264E-8	1.227846E-8
9.172000E+0	4.100000E-1	1.316332E-8	1.297582E-8
9.271000E+0	4.200000E-1	1.375322E-8	1.357626E-8
9.371000E+0	4.300000E-1	1.419566E-8	1.432416E-8
9.472000E+0	4.400000E-1	1.490986E-8	1.480874E-8
9.571000E+0	4.500000E-1	1.604332E-8	1.542814E-8
9.672000E+0	4.600000E-1	1.661638E-8	1.627928E-8
9.772000E+0	4.700000E-1	1.787836E-8	1.679124E-8
9.872000E+0	4.800000E-1	1.907080E-8	1.753284E-8
9.971000E+0	4.900000E-1	1.872950E-8	1.792048E-8
1.007100E+1	5.000000E-1	1.923934E-8	1.898864E-8
