NA	Step NA->	0	0
Time(s):	Sweep V(V):	Ch1 V(V):	Ch1 V(V):
1.200000E-2	-1.000000E+0	-1.312525E-6	-1.185201E-6
1.910000E-1	-9.900000E-1	-1.312455E-6	-1.313416E-6
2.910000E-1	-9.800000E-1	-1.313127E-6	-1.314031E-6
3.910000E-1	-9.700000E-1	-1.313186E-6	-1.313922E-6
4.910000E-1	-9.600000E-1	-1.312666E-6	-1.297579E-6
5.900000E-1	-9.500000E-1	-1.312550E-6	-1.313359E-6
6.900000E-1	-9.400000E-1	-1.313277E-6	-1.313949E-6
7.900000E-1	-9.300000E-1	-1.313327E-6	-1.313808E-6
8.910000E-1	-9.200000E-1	-1.312868E-6	-1.313174E-6
9.910000E-1	-9.100000E-1	-1.281502E-6	-1.313292E-6
1.090000E+0	-9.000000E-1	-1.313572E-6	-1.313848E-6
1.189000E+0	-8.900000E-1	-1.313692E-6	-1.313652E-6
1.288000E+0	-8.800000E-1	-1.313123E-6	-1.313119E-6
1.388000E+0	-8.700000E-1	-1.184967E-6	-1.313201E-6
1.487000E+0	-8.600000E-1	-1.313698E-6	-1.313599E-6
1.588000E+0	-8.500000E-1	-1.313789E-6	-1.313374E-6
1.688000E+0	-8.400000E-1	-1.313199E-6	-1.312765E-6
1.788000E+0	-8.300000E-1	-1.280619E-6	-1.312803E-6
1.888000E+0	-8.200000E-1	-1.313806E-6	-1.312818E-6
1.987000E+0	-8.100000E-1	-1.313852E-6	-1.312820E-6
2.087000E+0	-8.000000E-1	-1.313262E-6	-1.312813E-6
2.186000E+0	-7.900000E-1	-1.313113E-6	-1.312803E-6
2.285000E+0	-7.800000E-1	-1.313884E-6	-1.312788E-6
2.385000E+0	-7.700000E-1	-1.313852E-6	-1.312731E-6
2.485000E+0	-7.600000E-1	-1.313319E-6	-1.313079E-6
2.585000E+0	-7.500000E-1	-1.313525E-6	-1.265132E-6
2.687000E+0	-7.400000E-1	-1.313972E-6	-1.312971E-6
2.787000E+0	-7.300000E-1	-1.313498E-6	-1.280704E-6
2.887000E+0	-7.200000E-1	-1.313378E-6	-1.312689E-6
2.986000E+0	-7.100000E-1	-1.308985E-6	-1.292342E-6
3.085000E+0	-7.000000E-1	-1.216213E-6	-1.308551E-6
3.185000E+0	-6.900000E-1	-1.206943E-6	-1.158611E-6
3.285000E+0	-6.800000E-1	-1.182192E-6	-1.295217E-6
3.385000E+0	-6.700000E-1	-1.186376E-6	-1.236516E-6
3.485000E+0	-6.600000E-1	-1.312525E-6	-9.478467E-7
3.585000E+0	-6.500000E-1	-1.260578E-6	-9.183009E-7
3.687000E+0	-6.400000E-1	-1.309183E-6	-8.940854E-7
3.788000E+0	-6.300000E-1	-1.313049E-6	-8.713888E-7
3.889000E+0	-6.200000E-1	-1.282155E-6	-8.499122E-7
3.989000E+0	-6.100000E-1	-1.282149E-6	-8.284227E-7
4.088000E+0	-6.000000E-1	-1.200285E-6	-7.992015E-7
4.188000E+0	-5.900000E-1	-1.305760E-6	-7.807838E-7
4.287000E+0	-5.800000E-1	-1.130740E-6	-7.452758E-7
4.385000E+0	-5.700000E-1	-1.276267E-6	-7.132334E-7
4.485000E+0	-5.600000E-1	-1.297156E-6	-6.945714E-7
4.585000E+0	-5.500000E-1	-1.294703E-6	-6.757618E-7
4.684000E+0	-5.400000E-1	-1.241473E-6	-6.569945E-7
4.784000E+0	-5.300000E-1	-1.234198E-6	-6.395543E-7
4.886000E+0	-5.200000E-1	-8.152279E-7	-6.216023E-7
4.986000E+0	-5.100000E-1	-7.897841E-7	-6.034122E-7
5.085000E+0	-5.000000E-1	-7.687161E-7	-5.861870E-7
5.184000E+0	-4.900000E-1	-7.476249E-7	-5.689997E-7
5.283000E+0	-4.800000E-1	-7.273090E-7	-5.524318E-7
5.383000E+0	-4.700000E-1	-7.089313E-7	-5.359860E-7
5.483000E+0	-4.600000E-1	-6.900144E-7	-5.184301E-7
5.584000E+0	-4.500000E-1	-6.710637E-7	-5.027133E-7
5.684000E+0	-4.400000E-1	-6.519866E-7	-4.860717E-7
5.784000E+0	-4.300000E-1	-6.342030E-7	-4.705003E-7
5.884000E+0	-4.200000E-1	-6.152672E-7	-4.552724E-7
5.985000E+0	-4.100000E-1	-5.980567E-7	-4.398252E-7
6.085000E+0	-4.000000E-1	-5.778841E-7	-4.249238E-7
6.185000E+0	-3.900000E-1	-5.602986E-7	-4.105618E-7
6.285000E+0	-3.800000E-1	-5.425403E-7	-3.957509E-7
6.385000E+0	-3.700000E-1	-5.244007E-7	-3.815616E-7
6.484000E+0	-3.600000E-1	-5.071081E-7	-3.669909E-7
6.584000E+0	-3.500000E-1	-4.829978E-7	-3.529111E-7
6.685000E+0	-3.400000E-1	-4.670599E-7	-3.397583E-7
6.784000E+0	-3.300000E-1	-4.515918E-7	-3.260030E-7
6.883000E+0	-3.200000E-1	-4.334290E-7	-3.127765E-7
6.981000E+0	-3.100000E-1	-3.677725E-7	-2.998112E-7
7.082000E+0	-3.000000E-1	-3.178244E-7	-2.873431E-7
7.181000E+0	-2.900000E-1	-3.066078E-7	-2.745885E-7
7.281000E+0	-2.800000E-1	-2.949550E-7	-2.631612E-7
7.381000E+0	-2.700000E-1	-2.852047E-7	-2.509923E-7
7.481000E+0	-2.600000E-1	-2.684935E-7	-2.388697E-7
7.581000E+0	-2.500000E-1	-2.599167E-7	-2.271201E-7
7.681000E+0	-2.400000E-1	-2.474360E-7	-2.152756E-7
7.782000E+0	-2.300000E-1	-2.343506E-7	-2.041327E-7
7.881000E+0	-2.200000E-1	-2.202941E-7	-1.931563E-7
7.982000E+0	-2.100000E-1	-2.078997E-7	-1.822830E-7
8.081000E+0	-2.000000E-1	-1.997843E-7	-1.721936E-7
8.182000E+0	-1.900000E-1	-1.871982E-7	-1.619482E-7
8.282000E+0	-1.800000E-1	-1.733944E-7	-1.519029E-7
8.382000E+0	-1.700000E-1	-1.639791E-7	-1.422158E-7
8.483000E+0	-1.600000E-1	-1.421674E-7	-1.326362E-7
8.581000E+0	-1.500000E-1	-1.288671E-7	-1.242574E-7
8.680000E+0	-1.400000E-1	-1.194075E-7	-1.147451E-7
8.780000E+0	-1.300000E-1	-1.080097E-7	-1.056395E-7
8.880000E+0	-1.200000E-1	-9.940340E-8	-9.674039E-8
8.981000E+0	-1.100000E-1	-9.039048E-8	-8.820782E-8
9.080000E+0	-1.000000E-1	-8.177784E-8	-7.993016E-8
9.182000E+0	-9.000002E-2	-7.324106E-8	-7.184424E-8
9.283000E+0	-8.000002E-2	-6.472325E-8	-6.356450E-8
9.382000E+0	-7.000002E-2	-5.633606E-8	-5.536272E-8
9.481000E+0	-6.000002E-2	-4.818062E-8	-4.723044E-8
9.581000E+0	-5.000002E-2	-3.891274E-8	-3.926878E-8
9.681000E+0	-4.000002E-2	-3.076782E-8	-3.126292E-8
9.779000E+0	-3.000002E-2	-2.279568E-8	-2.342982E-8
9.880000E+0	-2.000002E-2	-1.510580E-8	-1.560510E-8
9.980000E+0	-1.000002E-2	-7.506539E-9	-7.807820E-9
1.008000E+1	-2.235174E-8	3.582000E-11	4.634000E-11
1.018000E+1	9.999977E-3	7.491800E-9	7.940540E-9
1.028100E+1	1.999998E-2	1.461702E-8	1.630456E-8
1.038300E+1	2.999998E-2	2.248172E-8	2.448108E-8
1.048300E+1	3.999998E-2	3.014206E-8	3.281982E-8
1.058400E+1	4.999997E-2	3.705450E-8	4.130392E-8
1.068400E+1	5.999998E-2	4.468116E-8	4.995450E-8
1.078400E+1	6.999998E-2	5.283662E-8	5.875462E-8
1.088400E+1	7.999998E-2	6.074134E-8	6.781600E-8
1.098400E+1	8.999997E-2	6.884412E-8	7.695742E-8
1.108400E+1	9.999998E-2	7.672146E-8	8.649288E-8
1.118400E+1	1.100000E-1	8.486644E-8	9.622212E-8
1.128500E+1	1.200000E-1	9.352330E-8	1.054668E-7
1.138500E+1	1.300000E-1	1.029323E-7	1.154446E-7
1.148300E+1	1.400000E-1	1.121980E-7	1.256689E-7
1.158400E+1	1.500000E-1	1.215270E-7	1.359923E-7
1.168400E+1	1.600000E-1	1.305209E-7	1.469878E-7
1.178400E+1	1.700000E-1	1.392452E-7	1.578778E-7
1.188400E+1	1.800000E-1	1.484646E-7	1.699162E-7
1.198500E+1	1.900000E-1	1.539318E-7	1.814868E-7
1.208400E+1	2.000000E-1	1.646723E-7	1.933312E-7
1.218400E+1	2.100000E-1	1.748693E-7	2.050261E-7
1.228400E+1	2.200000E-1	1.853422E-7	2.163397E-7
1.238300E+1	2.300000E-1	1.966431E-7	2.286519E-7
1.248400E+1	2.400000E-1	2.082053E-7	2.411031E-7
1.258700E+1	2.500000E-1	2.195463E-7	2.538704E-7
1.268700E+1	2.600000E-1	2.315087E-7	2.669958E-7
1.278500E+1	2.700000E-1	2.441938E-7	2.805026E-7
1.288400E+1	2.800000E-1	2.563838E-7	2.940873E-7
1.298400E+1	2.900000E-1	2.690394E-7	3.075013E-7
1.308500E+1	3.000000E-1	2.870274E-7	3.214632E-7
1.318400E+1	3.100000E-1	2.994070E-7	3.358738E-7
1.328400E+1	3.200000E-1	3.195376E-7	3.501558E-7
1.338500E+1	3.300000E-1	3.333919E-7	1.254316E-6
1.348400E+1	3.400000E-1	3.468966E-7	1.224241E-6
1.358400E+1	3.500000E-1	3.591751E-7	1.256132E-6
1.368400E+1	3.600000E-1	3.776729E-7	1.256125E-6
1.378400E+1	3.700000E-1	3.933707E-7	1.256125E-6
1.388500E+1	3.800000E-1	4.091381E-7	1.256121E-6
1.398600E+1	3.900000E-1	4.255185E-7	1.256115E-6
1.408600E+1	4.000000E-1	4.405907E-7	1.256113E-6
1.418600E+1	4.100000E-1	4.596299E-7	1.256106E-6
1.428700E+1	4.200000E-1	4.769543E-7	1.256104E-6
1.438700E+1	4.300000E-1	4.938508E-7	1.256098E-6
1.448700E+1	4.400000E-1	5.087460E-7	1.256096E-6
1.458600E+1	4.500000E-1	5.354013E-7	1.256096E-6
1.468700E+1	4.600000E-1	5.561261E-7	1.256087E-6
1.478600E+1	4.700000E-1	5.744996E-7	1.256081E-6
1.488600E+1	4.800000E-1	5.950095E-7	1.256077E-6
1.498600E+1	4.900000E-1	6.159764E-7	1.256077E-6
1.508600E+1	5.000000E-1	6.393282E-7	1.256070E-6
1.518600E+1	5.100000E-1	6.556561E-7	1.256068E-6
1.528600E+1	5.200000E-1	6.780010E-7	1.256058E-6
1.538700E+1	5.300000E-1	6.791070E-7	1.256056E-6
1.548700E+1	5.400000E-1	6.972425E-7	1.256052E-6
1.558500E+1	5.500000E-1	7.270096E-7	1.256045E-6
1.568400E+1	5.599999E-1	7.476837E-7	1.256043E-6
1.578400E+1	5.700000E-1	7.701992E-7	1.256037E-6
1.588300E+1	5.800000E-1	7.888614E-7	1.256026E-6
1.598400E+1	5.900000E-1	8.088993E-7	1.256022E-6
1.608500E+1	6.000000E-1	8.305067E-7	1.256016E-6
1.618400E+1	6.100000E-1	8.537976E-7	1.256009E-6
1.628400E+1	6.199999E-1	8.766902E-7	1.256005E-6
1.638400E+1	6.299999E-1	8.978278E-7	1.255997E-6
1.648400E+1	6.400000E-1	9.202886E-7	1.255993E-6
1.658500E+1	6.500000E-1	9.448710E-7	1.255986E-6
1.668500E+1	6.600000E-1	9.696407E-7	1.255976E-6
1.678500E+1	6.700000E-1	1.249173E-6	1.255969E-6
1.688600E+1	6.799999E-1	1.250650E-6	1.255961E-6
1.698600E+1	6.899999E-1	1.251044E-6	1.255952E-6
1.708500E+1	7.000000E-1	1.251996E-6	1.255946E-6
1.718700E+1	7.100000E-1	1.252167E-6	1.255938E-6
1.728700E+1	7.200000E-1	1.252310E-6	1.255927E-6
1.738600E+1	7.300000E-1	1.252428E-6	1.255919E-6
1.748700E+1	7.399999E-1	1.252540E-6	1.255908E-6
1.758600E+1	7.499999E-1	1.252647E-6	1.255900E-6
1.768500E+1	7.600000E-1	1.252744E-6	1.255891E-6
1.778500E+1	7.700000E-1	1.252847E-6	1.255885E-6
1.788400E+1	7.800000E-1	1.252980E-6	1.255870E-6
1.798400E+1	7.900000E-1	1.253494E-6	1.255864E-6
1.808400E+1	8.000000E-1	1.253801E-6	1.255849E-6
1.818400E+1	8.099999E-1	1.253976E-6	1.255832E-6
1.828600E+1	8.199999E-1	1.254044E-6	1.255816E-6
1.838500E+1	8.300000E-1	1.254094E-6	1.255786E-6
1.848500E+1	8.400000E-1	1.254139E-6	1.255733E-6
1.858500E+1	8.500000E-1	1.254185E-6	1.255670E-6
1.868400E+1	8.600000E-1	1.254225E-6	1.255624E-6
1.878400E+1	8.699999E-1	1.254269E-6	1.255592E-6
1.888400E+1	8.799999E-1	1.254309E-6	1.255561E-6
1.898300E+1	8.900000E-1	1.254345E-6	1.255493E-6
1.908500E+1	9.000000E-1	1.254381E-6	1.255348E-6
1.918500E+1	9.100000E-1	1.254421E-6	1.255131E-6
1.928600E+1	9.200000E-1	1.254452E-6	1.254988E-6
1.938800E+1	9.299999E-1	1.254486E-6	1.254935E-6
1.948800E+1	9.399999E-1	1.254520E-6	1.254903E-6
1.958800E+1	9.499999E-1	1.254549E-6	1.254878E-6
1.968800E+1	9.600000E-1	1.254583E-6	1.254851E-6
1.978900E+1	9.700000E-1	1.254608E-6	1.254823E-6
1.989000E+1	9.800000E-1	1.254640E-6	1.254796E-6
1.999000E+1	9.899999E-1	1.254670E-6	1.254773E-6
2.009100E+1	9.999999E-1	1.254695E-6	1.254743E-6
