-9.99991E+2	-6.34175E-7
-9.95987E+2	-5.97130E-7
-9.91984E+2	-6.01747E-7
-9.87981E+2	-6.75434E-7
-9.83977E+2	-6.34695E-7
-9.79974E+2	-6.95358E-7
-9.75970E+2	-6.57662E-7
-9.71967E+2	-6.73818E-7
-9.67964E+2	-6.35287E-7
-9.63960E+2	-5.42657E-7
-9.59957E+2	-6.36244E-7
-9.55954E+2	-5.64116E-7
-9.51950E+2	-6.37048E-7
-9.47947E+2	-6.17032E-7
-9.43943E+2	-5.83070E-7
-9.39940E+2	-6.48442E-7
-9.35937E+2	-6.26633E-7
-9.31933E+2	-6.76421E-7
-9.27930E+2	-6.56265E-7
-9.23926E+2	-6.55411E-7
-9.19923E+2	-6.42657E-7
-9.15920E+2	-6.33732E-7
-9.11916E+2	-6.08136E-7
-9.07913E+2	-6.19087E-7
-9.03910E+2	-6.42413E-7
-8.99906E+2	-6.31614E-7
-8.95903E+2	-6.54868E-7
-8.91899E+2	-6.60960E-7
-8.87896E+2	-5.66336E-7
-8.83893E+2	-6.63306E-7
-8.79889E+2	-6.52315E-7
-8.75886E+2	-6.80870E-7
-8.71883E+2	-6.19163E-7
-8.67879E+2	-6.58756E-7
-8.63876E+2	-5.42551E-7
-8.59872E+2	-6.35158E-7
-8.55869E+2	-6.13949E-7
-8.51866E+2	-6.03802E-7
-8.47862E+2	-5.87064E-7
-8.43859E+2	-6.58865E-7
-8.39855E+2	-5.94620E-7
-8.35852E+2	-6.97696E-7
-8.31849E+2	-6.49076E-7
-8.27845E+2	-6.71124E-7
-8.23842E+2	-6.53875E-7
-8.19839E+2	-6.40727E-7
-8.15835E+2	-6.48466E-7
-8.11832E+2	-6.28649E-7
-8.07828E+2	-6.34467E-7
-8.03825E+2	-5.70565E-7
-7.99822E+2	-6.11425E-7
-7.95818E+2	-6.29152E-7
-7.91815E+2	-6.12246E-7
-7.87812E+2	-6.57721E-7
-7.83808E+2	-6.94957E-7
-7.79805E+2	-6.47511E-7
-7.75801E+2	-5.48347E-7
-7.71798E+2	-6.67288E-7
-7.67795E+2	-5.71613E-7
-7.63791E+2	-6.48969E-7
-7.59788E+2	-6.20054E-7
-7.55784E+2	-5.89645E-7
-7.51781E+2	-6.08888E-7
-7.47778E+2	-6.13720E-7
-7.43774E+2	-6.46922E-7
-7.39771E+2	-6.21708E-7
-7.35768E+2	-6.84833E-7
-7.31764E+2	-6.37196E-7
-7.27761E+2	-5.53215E-7
-7.23757E+2	-6.07781E-7
-7.19754E+2	-5.57738E-7
-7.15751E+2	-6.28966E-7
-7.11747E+2	-5.85080E-7
-7.07744E+2	-5.92651E-7
-7.03741E+2	-6.35866E-7
-6.99737E+2	-6.11776E-7
-6.95734E+2	-6.82247E-7
-6.91730E+2	-6.49542E-7
-6.87727E+2	-6.80038E-7
-6.83724E+2	-6.14903E-7
-6.79720E+2	-6.15512E-7
-6.75717E+2	-6.29871E-7
-6.71713E+2	-6.31468E-7
-6.67710E+2	-6.13104E-7
-6.63707E+2	-5.50637E-7
-6.59703E+2	-6.14412E-7
-6.55700E+2	-6.40605E-7
-6.51697E+2	-6.04611E-7
-6.47693E+2	-6.76834E-7
-6.43690E+2	-6.76904E-7
-6.39686E+2	-6.95857E-7
-6.35683E+2	-6.15810E-7
-6.31680E+2	-6.03833E-7
-6.27676E+2	-6.44003E-7
-6.23673E+2	-6.76661E-7
-6.19670E+2	-6.41763E-7
-6.15666E+2	-6.04227E-7
-6.11663E+2	-6.27536E-7
-6.07659E+2	-5.75653E-7
-6.03656E+2	-6.63296E-7
-5.99653E+2	-6.32984E-7
-5.95649E+2	-6.81699E-7
-5.91646E+2	-6.64659E-7
-5.87642E+2	-5.80711E-7
-5.83639E+2	-6.61136E-7
-5.79636E+2	-5.87246E-7
-5.75632E+2	-6.62771E-7
-5.71629E+2	-6.23718E-7
-5.67626E+2	-6.39300E-7
-5.63622E+2	-6.52485E-7
-5.59619E+2	-5.96186E-7
-5.55615E+2	-6.39066E-7
-5.51612E+2	-6.12047E-7
-5.47609E+2	-6.53479E-7
-5.43605E+2	-6.30777E-7
-5.39602E+2	-5.44155E-7
-5.35599E+2	-6.25167E-7
-5.31595E+2	-5.81487E-7
-5.27592E+2	-6.77988E-7
-5.23588E+2	-6.13609E-7
-5.19585E+2	-6.43156E-7
-5.15582E+2	-6.27954E-7
-5.11578E+2	-6.31878E-7
-5.07575E+2	-6.57747E-7
-5.03571E+2	-6.42026E-7
-4.99568E+2	-6.62512E-7
-4.95565E+2	-6.48032E-7
-4.91561E+2	-5.87739E-7
-4.87558E+2	-6.53112E-7
-4.83555E+2	-5.66816E-7
-4.79551E+2	-6.36391E-7
-4.75548E+2	-6.33371E-7
-4.71544E+2	-6.13700E-7
-4.67541E+2	-6.51411E-7
-4.63538E+2	-6.47007E-7
-4.59534E+2	-7.01416E-7
-4.55531E+2	-6.36689E-7
-4.51528E+2	-6.43209E-7
-4.47524E+2	-6.61448E-7
-4.43521E+2	-6.53481E-7
-4.39517E+2	-5.66715E-7
-4.35514E+2	-6.21164E-7
-4.31511E+2	-6.20791E-7
-4.27507E+2	-5.79146E-7
-4.23504E+2	-6.33953E-7
-4.19500E+2	-6.98698E-7
-4.15497E+2	-6.39623E-7
-4.11494E+2	-6.77444E-7
-4.07490E+2	-7.23984E-7
-4.03487E+2	-6.88860E-7
-3.99484E+2	-6.46796E-7
-3.95480E+2	-6.96854E-7
-3.91477E+2	-5.92103E-7
-3.87473E+2	-6.59067E-7
-3.83470E+2	-6.66099E-7
-3.79467E+2	-6.13003E-7
-3.75463E+2	-6.35078E-7
-3.71460E+2	-6.79611E-7
-3.67457E+2	-6.10804E-7
-3.63453E+2	-6.67549E-7
-3.59450E+2	-6.81349E-7
-3.55446E+2	-6.83290E-7
-3.51443E+2	-5.84786E-7
-3.47440E+2	-6.48442E-7
-3.43436E+2	-5.95333E-7
-3.39433E+2	-6.84470E-7
-3.35429E+2	-6.28559E-7
-3.31426E+2	-6.23089E-7
-3.27423E+2	-6.81555E-7
-3.23419E+2	-6.05239E-7
-3.19416E+2	-6.74166E-7
-3.15413E+2	-6.93321E-7
-3.11409E+2	-6.77524E-7
-3.07406E+2	-6.85650E-7
-3.03402E+2	-7.12265E-7
-2.99399E+2	-6.71717E-7
-2.95396E+2	-7.06433E-7
-2.91392E+2	-6.54535E-7
-2.87389E+2	-6.74027E-7
-2.83386E+2	-6.53262E-7
-2.79382E+2	-6.75038E-7
-2.75379E+2	-6.08666E-7
-2.71375E+2	-6.86303E-7
-2.67372E+2	-7.06262E-7
-2.63369E+2	-7.10574E-7
-2.59365E+2	-6.58958E-7
-2.55362E+2	-7.12640E-7
-2.51358E+2	-6.30729E-7
-2.47355E+2	-7.16400E-7
-2.43352E+2	-7.04926E-7
-2.39348E+2	-6.58421E-7
-2.35345E+2	-7.01610E-7
-2.31342E+2	-6.93618E-7
-2.27338E+2	-6.43557E-7
-2.23335E+2	-7.25790E-7
-2.19331E+2	-7.14997E-7
-2.15328E+2	-6.81245E-7
-2.11325E+2	-6.43318E-7
-2.07321E+2	-7.26918E-7
-2.03318E+2	-6.33219E-7
-1.99315E+2	-6.69725E-7
-1.95311E+2	-6.63341E-7
-1.91308E+2	-6.24383E-7
-1.87304E+2	-6.54687E-7
-1.83301E+2	-6.53874E-7
-1.79298E+2	-6.33482E-7
-1.75294E+2	-7.40775E-7
-1.71291E+2	-7.25229E-7
-1.67287E+2	-6.98685E-7
-1.63284E+2	-6.01743E-7
-1.59281E+2	-7.02980E-7
-1.55277E+2	-6.42529E-7
-1.51274E+2	-6.46212E-7
-1.47271E+2	-6.18758E-7
-1.43267E+2	-5.98735E-7
-1.39264E+2	-6.20145E-7
-1.35260E+2	-6.31912E-7
-1.31257E+2	-6.43185E-7
-1.27254E+2	-7.13519E-7
-1.23250E+2	-6.55696E-7
-1.19247E+2	-7.07458E-7
-1.15244E+2	-6.31176E-7
-1.11240E+2	-6.93242E-7
-1.07237E+2	-6.13917E-7
-1.03233E+2	-6.46474E-7
-9.92300E+1	-6.23396E-7
-9.52266E+1	-6.10545E-7
-9.12232E+1	-6.52479E-7
-8.72199E+1	-6.16412E-7
-8.32165E+1	-6.83649E-7
-7.92131E+1	-6.64607E-7
-7.52097E+1	-6.81173E-7
-7.12063E+1	-6.83773E-7
-6.72030E+1	-5.98266E-7
-6.31996E+1	-6.79455E-7
-5.91962E+1	-6.01555E-7
-5.51928E+1	-6.82102E-7
-5.11894E+1	-6.44556E-7
-4.71860E+1	-6.10783E-7
-4.31827E+1	-6.67428E-7
-3.91793E+1	-6.22618E-7
-3.51759E+1	-7.02459E-7
-3.11725E+1	-6.92608E-7
-2.71691E+1	-6.93317E-7
-2.31658E+1	-6.44398E-7
-1.91624E+1	-5.86015E-7
-1.51590E+1	-5.72362E-7
-1.11556E+1	-6.43326E-7
-7.15224E+0	-6.40452E-7
-3.14886E+0	-5.89851E-7
8.54522E-1	-6.13943E-7
4.85790E+0	-6.30435E-7
8.86128E+0	-6.39408E-7
1.28647E+1	-7.05250E-7
1.68680E+1	-6.46412E-7
2.08714E+1	-7.05213E-7
2.48748E+1	-6.29702E-7
2.88782E+1	-5.53333E-7
3.28816E+1	-6.24305E-7
3.68850E+1	-5.73554E-7
4.08883E+1	-6.54702E-7
4.48917E+1	-6.38357E-7
4.88951E+1	-6.35228E-7
5.28985E+1	-6.68464E-7
5.69019E+1	-6.19162E-7
6.09052E+1	-6.46221E-7
6.49086E+1	-6.76271E-7
6.89120E+1	-6.39100E-7
7.29154E+1	-5.83849E-7
7.69188E+1	-6.40101E-7
8.09221E+1	-6.47057E-7
8.49255E+1	-6.21398E-7
8.89289E+1	-6.32692E-7
9.29323E+1	-5.74100E-7
9.69357E+1	-6.15568E-7
1.00939E+2	-6.76292E-7
1.04942E+2	-6.16886E-7
1.08946E+2	-6.71518E-7
1.12949E+2	-6.76199E-7
1.16953E+2	-6.65248E-7
1.20956E+2	-6.00096E-7
1.24959E+2	-6.55485E-7
1.28963E+2	-5.93182E-7
1.32966E+2	-6.43089E-7
1.36969E+2	-5.96399E-7
1.40973E+2	-6.23857E-7
1.44976E+2	-6.27374E-7
1.48980E+2	-6.02768E-7
1.52983E+2	-6.27012E-7
1.56986E+2	-6.56018E-7
1.60990E+2	-6.57419E-7
1.64993E+2	-6.38277E-7
1.68997E+2	-5.86475E-7
1.73000E+2	-6.62738E-7
1.77003E+2	-5.85666E-7
1.81007E+2	-6.21605E-7
1.85010E+2	-5.83024E-7
1.89013E+2	-5.60023E-7
1.93017E+2	-5.94739E-7
1.97020E+2	-5.82487E-7
2.01024E+2	-6.14043E-7
2.05027E+2	-5.64310E-7
2.09030E+2	-6.12400E-7
2.13034E+2	-5.38216E-7
2.17037E+2	-5.57923E-7
2.21040E+2	-5.32301E-7
2.25044E+2	-5.64609E-7
2.29047E+2	-5.16260E-7
2.33051E+2	-5.01642E-7
2.37054E+2	-5.38963E-7
2.41057E+2	-5.39448E-7
2.45061E+2	-5.39112E-7
2.49064E+2	-5.90301E-7
2.53068E+2	-5.71591E-7
2.57071E+2	-5.60167E-7
2.61074E+2	-5.53134E-7
2.65078E+2	-5.92333E-7
2.69081E+2	-5.26961E-7
2.73084E+2	-5.51178E-7
2.77088E+2	-5.32356E-7
2.81091E+2	-5.03775E-7
2.85095E+2	-5.21162E-7
2.89098E+2	-5.67058E-7
2.93101E+2	-5.20311E-7
2.97105E+2	-5.50455E-7
3.01108E+2	-5.53551E-7
3.05111E+2	-5.58929E-7
3.09115E+2	-5.39007E-7
3.13118E+2	-5.25093E-7
3.17122E+2	-5.40275E-7
3.21125E+2	-5.43740E-7
3.25128E+2	-5.40123E-7
3.29132E+2	-5.28494E-7
3.33135E+2	-5.53199E-7
3.37139E+2	-4.93987E-7
3.41142E+2	-5.51684E-7
3.45145E+2	-5.44585E-7
3.49149E+2	-5.74632E-7
3.53152E+2	-5.43475E-7
3.57155E+2	-5.02791E-7
3.61159E+2	-5.66033E-7
3.65162E+2	-5.60183E-7
3.69166E+2	-5.76671E-7
3.73169E+2	-5.32016E-7
3.77172E+2	-5.54451E-7
3.81176E+2	-5.72746E-7
3.85179E+2	-5.21953E-7
3.89182E+2	-5.60170E-7
3.93186E+2	-5.49344E-7
3.97189E+2	-5.91911E-7
4.01193E+2	-5.66855E-7
4.05196E+2	-5.10137E-7
4.09199E+2	-5.61238E-7
4.13203E+2	-5.69271E-7
4.17206E+2	-5.45904E-7
4.21210E+2	-5.04060E-7
4.25213E+2	-5.12925E-7
4.29216E+2	-5.60341E-7
4.33220E+2	-5.38295E-7
4.37223E+2	-5.95730E-7
4.41226E+2	-5.88419E-7
4.45230E+2	-5.80535E-7
4.49233E+2	-5.40660E-7
4.53237E+2	-4.90928E-7
4.57240E+2	-5.09933E-7
4.61243E+2	-4.43595E-7
4.65247E+2	-4.98479E-7
4.69250E+2	-4.46086E-7
4.73253E+2	-4.58366E-7
4.77257E+2	-4.21884E-7
4.81260E+2	-4.05313E-7
4.85264E+2	-4.11499E-7
4.89267E+2	-4.13535E-7
4.93270E+2	-3.97455E-7
4.97274E+2	-4.10989E-7
5.01277E+2	-3.99684E-7
5.05281E+2	-4.09571E-7
5.09284E+2	-3.42664E-7
5.13287E+2	-3.65997E-7
5.17291E+2	-3.45757E-7
5.21294E+2	-4.30054E-7
5.25297E+2	-3.80914E-7
5.29301E+2	-4.01824E-7
5.33304E+2	-3.48545E-7
5.37308E+2	-3.45788E-7
5.41311E+2	-3.49422E-7
5.45314E+2	-3.44717E-7
5.49318E+2	-3.22938E-7
5.53321E+2	-2.77234E-7
5.57324E+2	-3.29236E-7
5.61328E+2	-2.74085E-7
5.65331E+2	-2.67703E-7
5.69335E+2	-3.00224E-7
5.73338E+2	-2.10252E-7
5.77341E+2	-2.84618E-7
5.81345E+2	-2.88272E-7
5.85348E+2	-3.14500E-7
5.89352E+2	-3.00147E-7
5.93355E+2	-2.47018E-7
5.97358E+2	-2.92056E-7
6.01362E+2	-3.03312E-7
6.05365E+2	-2.75952E-7
6.09368E+2	-2.21724E-7
6.13372E+2	-2.68415E-7
6.17375E+2	-3.18646E-7
6.21379E+2	-2.57747E-7
6.25382E+2	-3.40267E-7
6.29385E+2	-3.55619E-7
6.33389E+2	-3.95901E-7
6.37392E+2	-3.51889E-7
6.41395E+2	-2.10750E-7
6.45399E+2	-3.63243E-7
6.49402E+2	-2.57567E-7
6.53406E+2	-3.21854E-7
6.57409E+2	-3.04508E-7
6.61412E+2	-3.02211E-7
6.65416E+2	-4.03005E-7
6.69419E+2	-3.19333E-7
6.73423E+2	-3.85035E-7
6.77426E+2	-3.39100E-7
6.81429E+2	-3.48378E-7
6.85433E+2	-2.54684E-7
6.89436E+2	-4.00300E-7
6.93439E+2	-2.36075E-7
6.97443E+2	-3.86086E-7
7.01446E+2	-3.24701E-7
7.05450E+2	-2.70246E-7
7.09453E+2	-3.05095E-7
7.13456E+2	-4.17274E-7
7.17460E+2	-3.13760E-7
7.21463E+2	-4.01724E-7
7.25466E+2	-4.69859E-7
7.29470E+2	-4.47160E-7
7.33473E+2	-3.93790E-7
7.37477E+2	-3.21331E-7
7.41480E+2	-4.01372E-7
7.45483E+2	-3.49372E-7
7.49487E+2	-4.06080E-7
7.53490E+2	-3.61765E-7
7.57494E+2	-3.93809E-7
7.61497E+2	-3.20123E-7
7.65500E+2	-3.66200E-7
7.69504E+2	-3.00323E-7
7.73507E+2	-4.35686E-7
7.77510E+2	-3.78863E-7
7.81514E+2	-3.56322E-7
7.85517E+2	-4.21305E-7
7.89521E+2	-3.69940E-7
7.93524E+2	-3.04898E-7
7.97527E+2	-4.09312E-7
8.01531E+2	-3.85370E-7
8.05534E+2	-4.56362E-7
8.09537E+2	-2.69943E-7
8.13541E+2	-3.21714E-7
8.17544E+2	-4.20636E-7
8.21548E+2	-4.40464E-7
8.25551E+2	-3.87138E-7
8.29554E+2	-2.49899E-7
8.33558E+2	-4.56545E-7
8.37561E+2	-2.86275E-7
8.41565E+2	-3.98732E-7
8.45568E+2	-3.49547E-7
8.49571E+2	-3.42145E-7
8.53575E+2	-4.03001E-7
8.57578E+2	-3.39546E-7
8.61581E+2	-4.44414E-7
8.65585E+2	-4.45312E-7
8.69588E+2	-4.70034E-7
8.73592E+2	-3.95446E-7
8.77595E+2	-2.62978E-7
8.81598E+2	-3.76921E-7
8.85602E+2	-3.28567E-7
8.89605E+2	-3.59253E-7
8.93608E+2	-2.64642E-7
8.97612E+2	-3.49431E-7
9.01615E+2	-4.02145E-7
9.05619E+2	-3.58982E-7
9.09622E+2	-4.35348E-7
9.13625E+2	-3.71703E-7
9.17629E+2	-4.26551E-7
9.21632E+2	-2.73883E-7
9.25636E+2	-3.45004E-7
9.29639E+2	-2.72902E-7
9.33642E+2	-3.37241E-7
9.37646E+2	-3.68612E-7
9.41649E+2	-2.66210E-7
9.45652E+2	-3.37942E-7
9.49656E+2	-4.34251E-7
9.53659E+2	-3.00946E-7
9.57663E+2	-4.19110E-7
9.61666E+2	-4.50380E-7
9.65669E+2	-3.97398E-7
9.69673E+2	-3.05115E-7
9.73676E+2	-4.09733E-7
9.77679E+2	-2.60621E-7
9.81683E+2	-3.35996E-7
9.85686E+2	-3.87479E-7
9.89690E+2	-3.41068E-7
9.93693E+2	-3.41798E-7
9.97696E+2	-4.41433E-7
1.00170E+3	-3.13330E-7
